25 ; -76.0 ; -78.5
26 ; -78.0 ; -77.5
27 ; -75.0 ; -73.5
28 ; -79.0 ; -69.0
29 ; -65.5 ; -66.0
30 ; -72.0 ; -69.5
31 ; -67.5 ; -65.5
32 ; -65.0 ; -63.5
33 ; -67.5 ; -66.5
34 ; -74.5 ; -83.5
35 ; -69.5 ; -69.5
36 ; -66.5 ; -68.0
37 ; -77.0 ; -69.5
38 ; -95.5 ; -75.0
39 ; -70.0 ; -68.5
40 ; -80.5 ; -78.5
41 ; -72.5 ; -76.0
42 ; -72.0 ; -74.0
43 ; -78.5 ; -76.5
44 ; -66.5 ; -65.5
45 ; -65.0 ; -64.0
46 ; -63.5 ; -63.5
47 ; -62.5 ; -61.5
58 ; -70.5 ; -69.5
59 ; -71.5 ; -69.5
60 ; -72.0 ; -70.0
61 ; -78.0 ; -74.5
62 ; -69.0 ; -68.5
63 ; -73.5 ; -73.5
71 ; -50.0 ; -50.5
72 ; -52.0 ; -51.5
73 ; -51.0 ; -51.0
74 ; -52.0 ; -51.0
75 ; -51.5 ; -51.0
76 ; -51.5 ; -51.0
77 ; -51.5 ; -51.0
78 ; -51.5 ; -51.0
79 ; -51.5 ; -51.5
80 ; -51.5 ; -51.0
81 ; -51.5 ; -51.5
82 ; -52.0 ; -51.5
83 ; -51.5 ; -51.5
84 ; -52.0 ; -51.5
85 ; -52.0 ; -51.0
86 ; -51.5 ; -51.0
87 ; -51.5 ; -51.0
88 ; -51.5 ; -51.0
89 ; -51.5 ; -51.5
90 ; -51.5 ; -51.0
91 ; -51.5 ; -51.5
92 ; -51.5 ; -51.0
93 ; -51.5 ; -51.0
94 ; -51.5 ; -51.0
95 ; -51.5 ; -51.5
96 ; -51.5 ; -51.0
97 ; -51.5 ; -51.0
98 ; -49.5 ; -48.5
99 ; -54.5 ; -55.5
100 ; -58.0 ; -57.5
101 ; -56.5 ; -58.0
102 ; -53.5 ; -52.5
103 ; -54.5 ; -53.5
104 ; -54.0 ; -54.0
105 ; -54.0 ; -54.0
106 ; -54.5 ; -54.0
107 ; -54.5 ; -54.0
108 ; -53.5 ; -53.0
109 ; -53.5 ; -53.5
110 ; -54.0 ; -53.5
111 ; -54.0 ; -53.5
112 ; -54.5 ; -53.5
113 ; -54.0 ; -53.5
114 ; -54.0 ; -54.0
115 ; -54.5 ; -54.0
116 ; -54.5 ; -53.5
117 ; -55.0 ; -54.0
118 ; -55.0 ; -54.5
119 ; -55.0 ; -54.0
120 ; -54.0 ; -53.5
121 ; -54.0 ; -53.5
122 ; -54.0 ; -53.5
123 ; -54.0 ; -53.5
135 ; -66.0 ; -55.5
136 ; -66.5 ; -55.5
137 ; -66.0 ; -55.5
138 ; -65.0 ; -55.0
139 ; -65.0 ; -55.0
140 ; -66.0 ; -55.5
141 ; -66.0 ; -55.5
142 ; -66.0 ; -56.0
145 ; -66.5 ; -56.0
146 ; -64.5 ; -55.0
147 ; -68.5 ; -59.5
148 ; -70.0 ; -59.0
149 ; -69.5 ; -59.0
150 ; -68.5 ; -57.0
151 ; -68.5 ; -58.0
211 ; -68.0 ; -58.5
212 ; -70.0 ; -58.5
213 ; -67.0 ; -61.5
214 ; -66.5 ; -57.0
215 ; -67.0 ; -57.5
216 ; -66.5 ; -56.0
217 ; -65.5 ; -55.5
218 ; -65.5 ; -54.5
219 ; -64.0 ; -53.5
220 ; -63.5 ; -53.5
221 ; -63.5 ; -53.5
222 ; -63.5 ; -53.5
223 ; -62.5 ; -53.0
224 ; -62.5 ; -53.0
225 ; -63.0 ; -53.5
226 ; -63.0 ; -53.5
227 ; -63.5 ; -53.0
228 ; -64.0 ; -53.0
229 ; -63.5 ; -53.0
230 ; -63.5 ; -53.5
231 ; -63.0 ; -53.5
232 ; -64.0 ; -53.5
233 ; -63.5 ; -53.5
234 ; -63.0 ; -53.5
235 ; -64.0 ; -53.5
236 ; -64.0 ; -53.5
237 ; -63.5 ; -53.0
238 ; -64.0 ; -54.0
239 ; -64.0 ; -54.0
240 ; -63.5 ; -54.0
241 ; -65.0 ; -54.5
242 ; -64.5 ; -55.0
243 ; -65.0 ; -55.0
244 ; -65.5 ; -54.5
245 ; -64.5 ; -54.5
246 ; -65.0 ; -54.5
247 ; -65.0 ; -54.5
248 ; -65.5 ; -54.5
249 ; -65.0 ; -54.5
250 ; -65.0 ; -55.0
251 ; -65.5 ; -55.0
252 ; -65.5 ; -55.0
253 ; -66.0 ; -55.0
254 ; -65.0 ; -55.0
255 ; -65.5 ; -55.0
256 ; -65.5 ; -55.0
257 ; -64.5 ; -55.0
258 ; -65.5 ; -55.5
259 ; -65.5 ; -55.0
260 ; -65.0 ; -55.0
261 ; -66.0 ; -55.0
262 ; -65.0 ; -55.0
263 ; -65.5 ; -55.0
264 ; -65.5 ; -55.0
265 ; -65.0 ; -55.0
266 ; -65.5 ; -55.5
267 ; -65.5 ; -55.0
268 ; -65.5 ; -55.0
269 ; -64.5 ; -54.5
270 ; -65.0 ; -54.5
271 ; -65.5 ; -55.0
272 ; -66.0 ; -55.5
273 ; -65.0 ; -55.5
274 ; -65.5 ; -55.5
275 ; -65.5 ; -55.5
276 ; -66.0 ; -55.0
277 ; -66.0 ; -55.5
278 ; -65.0 ; -55.0
279 ; -65.5 ; -55.0
280 ; -65.0 ; -54.5
281 ; -65.5 ; -54.5
282 ; -64.5 ; -54.0
283 ; -64.5 ; -54.5
284 ; -64.5 ; -54.5
285 ; -64.0 ; -54.5
286 ; -65.0 ; -54.5
287 ; -64.5 ; -54.5
288 ; -65.0 ; -54.5
289 ; -64.5 ; -54.0
290 ; -64.5 ; -54.5
291 ; -64.0 ; -54.5
292 ; -64.5 ; -54.5
293 ; -65.0 ; -54.5
294 ; -65.0 ; -54.5
295 ; -64.0 ; -54.5
296 ; -64.5 ; -54.5
297 ; -65.0 ; -54.5
298 ; -63.5 ; -53.5
299 ; -62.0 ; -51.5
300 ; -62.0 ; -52.5
301 ; -62.0 ; -52.5
302 ; -62.5 ; -53.0
303 ; -62.5 ; -52.0
304 ; -62.0 ; -52.0
305 ; -61.5 ; -52.0
306 ; -62.5 ; -51.5
307 ; -61.5 ; -52.0
308 ; -62.5 ; -52.0
309 ; -62.0 ; -52.0
310 ; -62.0 ; -52.5
311 ; -62.5 ; -52.5
312 ; -62.5 ; -52.5
313 ; -62.5 ; -52.0
314 ; -62.5 ; -52.5
315 ; -62.0 ; -51.5
316 ; -62.5 ; -52.0
317 ; -62.0 ; -53.0
318 ; -61.5 ; -52.0
319 ; -64.0 ; -54.5
320 ; -67.0 ; -55.5
321 ; -64.0 ; -54.5
322 ; -64.0 ; -54.5
323 ; -64.5 ; -55.0
324 ; -64.0 ; -55.0
325 ; -64.0 ; -54.0
326 ; -63.5 ; -53.5
327 ; -63.5 ; -53.5
328 ; -64.0 ; -53.0
329 ; -63.5 ; -53.5
330 ; -63.5 ; -53.5
331 ; -63.0 ; -53.5
332 ; -63.0 ; -53.5
333 ; -63.0 ; -53.5
334 ; -64.0 ; -53.5
335 ; -63.5 ; -53.5
336 ; -64.0 ; -53.5
337 ; -64.0 ; -53.5
338 ; -64.0 ; -53.5
339 ; -63.5 ; -53.0
340 ; -62.5 ; -53.0
