1 ;; 1
1 ;; 1
2 ;; 2
2 ;; 2
3 ;; 3
3 ;; 3
4 ;; 4
4 ;; 4
5 ;; 5
5 ;; 5
6 ;; 6
6 ;; 6
7 ;; 7
7 ;; 7
8 ;; 8
8 ;; 8
9 ;; 9
9 ;; 9
10 ;; 10
10 ;; 10
11 ;; 11
11 ;; 11
12 ;; 12
12 ;; 12
13 ;; 13
13 ;; 13
14 ;; 14
14 ;; 14
15 ;; 15
15 ;; 15
16 ;; 16
16 ;; 16
17 ;; 17
17 ;; 17
18 ;; 18
18 ;; 18
19 ;; 19
19 ;; 19
20 ;; 20
20 ;; 20
21 ;; 21
21 ;; 21
22 ;; 22
22 ;; 22
23 ;; 23
23 ;; 23
24 ;; 24
24 ;; 24
25 ; -66.0 ; -70.5
26 ; -81.5 ; -70.5
27 ; -78.0 ; -66.0
28 ; -65.5 ; -65.5
29 ; -63.5 ; -63.0
30 ; -67.5 ; -64.0
31 ; -65.0 ; -66.5
32 ; -64.0 ; -64.5
33 ; -74.0 ; -63.0
34 ; -66.5 ; -71.5
35 ; -80.0 ; -67.0
36 ; -73.0 ; -63.5
37 ; -65.0 ; -64.0
38 ; -60.5 ; -63.5
39 ; -65.0 ; -62.0
40 ; -62.0 ; -71.5
41 ; -65.0 ; -63.5
42 ; -59.5 ; -58.5
43 ; -64.5 ; -59.0
44 ; -60.0 ; -62.5
45 ; -64.0 ; -59.0
46 ; -61.5 ; -65.0
47 ; -60.5 ; -60.5
48 ;; 25
48 ;; 25
49 ;; 26
49 ;; 26
50 ;; 27
50 ;; 27
51 ;; 28
51 ;; 28
52 ;; 29
52 ;; 29
53 ;; 30
53 ;; 30
54 ;; 31
54 ;; 31
55 ;; 32
55 ;; 32
56 ;; 33
56 ;; 33
57 ;; 34
57 ;; 34
58 ; -71.0 ; -68.0
59 ; -68.5 ; -79.0
60 ; -75.0 ; -75.0
61 ; -64.0 ; -67.0
62 ; -68.5 ; -64.5
63 ; -65.0 ; -64.0
64 ;; 35
64 ;; 35
65 ;; 36
65 ;; 36
66 ;; 37
66 ;; 37
67 ;; 38
67 ;; 38
68 ;; 39
68 ;; 39
69 ;; 40
69 ;; 40
70 ;; 41
70 ;; 41
71 ; -52.5 ; -52.5
72 ; -53.0 ; -52.5
73 ; -53.5 ; -52.5
74 ; -53.0 ; -53.0
75 ; -53.5 ; -52.0
76 ; -53.5 ; -52.0
77 ; -53.5 ; -51.5
78 ; -53.0 ; -51.5
79 ; -53.0 ; -51.5
80 ; -53.0 ; -51.5
81 ; -53.0 ; -52.0
82 ; -53.0 ; -52.0
83 ; -53.5 ; -51.5
84 ; -53.5 ; -51.5
85 ; -53.5 ; -52.0
86 ; -53.5 ; -53.0
87 ; -53.5 ; -52.5
88 ; -53.5 ; -53.0
89 ; -53.5 ; -51.5
90 ; -53.5 ; -52.0
91 ; -53.0 ; -52.5
92 ; -54.0 ; -52.5
93 ; -53.5 ; -52.5
94 ; -53.5 ; -52.5
95 ; -53.5 ; -52.5
96 ; -53.5 ; -52.0
97 ; -53.0 ; -52.0
98 ; -52.5 ; -53.0
99 ; -55.5 ; -55.5
100 ; -56.0 ; -59.0
101 ; -60.5 ; -59.5
102 ; -60.5 ; -58.0
103 ; -59.5 ; -58.0
104 ; -60.0 ; -58.0
105 ; -59.5 ; -58.5
106 ; -60.0 ; -58.5
107 ; -59.5 ; -60.0
108 ; -59.5 ; -57.5
109 ; -59.0 ; -59.5
110 ; -60.0 ; -60.0
111 ; -60.0 ; -59.5
112 ; -59.5 ; -59.5
113 ; -59.5 ; -60.5
114 ; -61.5 ; -59.5
115 ; -61.0 ; -60.0
116 ; -61.0 ; -60.5
117 ; -60.5 ; -59.5
118 ; -60.0 ; -58.5
119 ; -63.0 ; -66.0
120 ; -65.5 ; -62.0
121 ; -63.0 ; -62.5
122 ; -64.0 ; -64.5
123 ; -65.0 ; -64.0
124 ;; 42
124 ;; 42
125 ;; 43
125 ;; 43
126 ;; 44
126 ;; 44
127 ;; 45
127 ;; 45
128 ;; 46
128 ;; 46
129 ;; 47
129 ;; 47
130 ;; 48
130 ;; 48
131 ;; 49
131 ;; 49
132 ;; 50
132 ;; 50
133 ;; 51
133 ;; 51
134 ;; 52
134 ;; 52
135 ; -60.0 ; -69.5
136 ; -60.5 ; -73.0
137 ; -65.0 ; -76.5
138 ; -56.5 ; -78.0
139 ; -64.5 ; -74.0
140 ; -64.0 ; -71.0
141 ; -62.5 ; -72.5
142 ; -61.5 ; -69.0
143 ;; 53
143 ;; 53
144 ;; 54
144 ;; 54
145 ; -60.5 ; -69.0
146 ; -60.0 ; -68.5
147 ; -55.5 ; -64.5
148 ; -58.5 ; -70.0
149 ; -54.5 ; -69.5
150 ; -57.0 ; -63.5
151 ; -55.0 ; -66.5
152 ;; 55
152 ;; 55
153 ;; 56
153 ;; 56
154 ;; 57
154 ;; 57
155 ;; 58
155 ;; 58
156 ;; 59
156 ;; 59
157 ;; 60
157 ;; 60
158 ;; 61
158 ;; 61
159 ;; 62
159 ;; 62
160 ;; 63
160 ;; 63
161 ;; 64
161 ;; 64
162 ;; 65
162 ;; 65
163 ;; 66
163 ;; 66
164 ;; 67
164 ;; 67
165 ;; 68
165 ;; 68
166 ;; 69
166 ;; 69
167 ;; 70
167 ;; 70
168 ;; 71
168 ;; 71
169 ;; 72
169 ;; 72
170 ;; 73
170 ;; 73
171 ;; 74
171 ;; 74
172 ;; 75
172 ;; 75
173 ;; 76
173 ;; 76
174 ;; 77
174 ;; 77
175 ;; 78
175 ;; 78
176 ;; 79
176 ;; 79
177 ;; 80
177 ;; 80
178 ;; 81
178 ;; 81
179 ;; 82
179 ;; 82
180 ;; 83
180 ;; 83
181 ;; 84
181 ;; 84
182 ;; 85
182 ;; 85
183 ;; 86
183 ;; 86
184 ;; 87
184 ;; 87
185 ;; 88
185 ;; 88
186 ;; 89
186 ;; 89
187 ;; 90
187 ;; 90
188 ;; 91
188 ;; 91
189 ;; 92
189 ;; 92
190 ;; 93
190 ;; 93
191 ;; 94
191 ;; 94
192 ;; 95
192 ;; 95
193 ;; 96
193 ;; 96
194 ;; 97
194 ;; 97
195 ;; 98
195 ;; 98
196 ;; 99
196 ;; 99
197 ;; 100
197 ;; 100
198 ;; 101
198 ;; 101
199 ;; 102
199 ;; 102
200 ;; 103
200 ;; 103
201 ;; 104
201 ;; 104
202 ;; 105
202 ;; 105
203 ;; 106
203 ;; 106
204 ;; 107
204 ;; 107
205 ;; 108
205 ;; 108
206 ;; 109
206 ;; 109
207 ;; 110
207 ;; 110
208 ;; 111
208 ;; 111
209 ;; 112
209 ;; 112
210 ;; 113
210 ;; 113
211 ; -60.0 ; -72.0
212 ; -60.5 ; -67.5
213 ; -56.5 ; -65.0
214 ; -55.0 ; -63.0
215 ; -55.0 ; -64.5
216 ; -55.0 ; -63.0
217 ; -55.5 ; -64.5
218 ; -55.5 ; -64.0
219 ; -55.5 ; -63.5
220 ; -54.5 ; -63.5
221 ; -54.5 ; -63.0
222 ; -54.5 ; -64.0
223 ; -54.5 ; -64.0
224 ; -54.5 ; -63.5
225 ; -55.0 ; -64.5
226 ; -55.5 ; -65.0
227 ; -55.5 ; -64.0
228 ; -55.5 ; -65.0
229 ; -55.5 ; -65.5
230 ; -55.5 ; -64.5
231 ; -55.5 ; -64.5
232 ; -55.5 ; -63.5
233 ; -55.0 ; -64.0
234 ; -55.0 ; -64.5
235 ; -55.5 ; -64.0
236 ; -55.0 ; -65.0
237 ; -55.5 ; -65.5
238 ; -56.0 ; -64.5
239 ; -55.0 ; -65.0
240 ; -55.5 ; -64.0
241 ; -55.5 ; -64.5
242 ; -56.0 ; -64.5
243 ; -55.5 ; -65.0
244 ; -55.5 ; -63.5
245 ; -55.0 ; -63.0
246 ; -55.5 ; -64.5
247 ; -55.5 ; -65.0
248 ; -55.5 ; -64.5
249 ; -55.5 ; -64.0
250 ; -55.5 ; -65.0
251 ; -55.5 ; -63.5
252 ; -55.5 ; -64.5
253 ; -55.5 ; -64.0
254 ; -55.0 ; -63.5
255 ; -55.5 ; -63.5
256 ; -55.0 ; -66.0
257 ; -55.5 ; -65.0
258 ; -56.0 ; -65.0
259 ; -55.0 ; -64.0
260 ; -55.5 ; -65.0
261 ; -55.5 ; -64.5
262 ; -55.0 ; -65.0
263 ; -55.5 ; -65.0
264 ; -55.5 ; -64.0
265 ; -55.5 ; -65.0
266 ; -55.0 ; -65.0
267 ; -55.5 ; -65.0
268 ; -55.5 ; -65.5
269 ; -55.5 ; -65.5
270 ; -56.0 ; -65.0
271 ; -56.0 ; -65.0
272 ; -55.5 ; -65.0
273 ; -55.5 ; -65.5
274 ; -55.5 ; -65.5
275 ; -55.5 ; -65.0
276 ; -55.0 ; -65.0
277 ; -55.5 ; -64.0
278 ; -55.5 ; -63.5
279 ; -56.0 ; -64.0
280 ; -55.5 ; -64.0
281 ; -55.5 ; -65.0
282 ; -55.5 ; -65.5
283 ; -55.5 ; -63.5
284 ; -55.5 ; -65.0
285 ; -55.5 ; -64.5
286 ; -55.5 ; -65.5
287 ; -55.5 ; -65.0
288 ; -55.5 ; -66.5
289 ; -55.0 ; -65.0
290 ; -55.5 ; -65.0
291 ; -55.5 ; -64.5
292 ; -55.5 ; -65.0
293 ; -55.5 ; -65.5
294 ; -55.5 ; -64.5
295 ; -55.0 ; -64.0
296 ; -55.0 ; -65.0
297 ; -55.0 ; -63.5
298 ; -54.5 ; -65.0
299 ; -54.0 ; -63.5
300 ; -55.0 ; -63.5
301 ; -54.5 ; -62.5
302 ; -54.5 ; -64.0
303 ; -54.5 ; -62.5
304 ; -54.5 ; -63.0
305 ; -54.5 ; -63.5
306 ; -54.5 ; -64.0
307 ; -55.0 ; -64.5
308 ; -55.5 ; -65.0
309 ; -55.5 ; -65.0
310 ; -55.5 ; -64.5
311 ; -56.0 ; -66.0
312 ; -56.0 ; -66.0
313 ; -56.5 ; -66.0
314 ; -56.0 ; -66.5
315 ; -59.0 ; -67.0
316 ; -57.0 ; -65.0
317 ; -58.5 ; -65.5
318 ; -55.5 ; -66.5
319 ; -58.0 ; -66.5
320 ; -55.0 ; -69.0
321 ; -61.0 ; -72.0
322 ; -65.5 ; -74.5
323 ; -63.0 ; -71.5
324 ; -64.5 ; -71.0
325 ; -65.5 ; -73.0
326 ; -63.0 ; -72.0
327 ; -63.0 ; -73.5
328 ; -63.0 ; -72.5
329 ; -62.0 ; -73.0
330 ; -62.0 ; -72.0
331 ; -62.5 ; -72.5
332 ; -62.0 ; -72.0
333 ; -61.5 ; -73.0
334 ; -63.0 ; -73.5
335 ; -65.5 ; -74.5
336 ; -63.5 ; -73.0
337 ; -64.0 ; -75.0
338 ; -64.0 ; -75.0
339 ; -62.5 ; -70.5
340 ; -62.0 ; -71.5
